% Intrinsic and Extrinsic Camera Parameters
%
% This script file can be directly excecuted under Matlab to recover the camera intrinsic and extrinsic parameters.
% IMPORTANT: This file contains neither the structure of the calibration objects nor the image coordinates of the calibration points.
%            All those complementary variables are saved in the complete matlab data file Calib_Results.mat.
% For more information regarding the calibration model visit http://www.vision.caltech.edu/bouguetj/calib_doc/


%-- Focal length:
fc = [ 1748.948750261768964 ; 1743.370528899213696 ];

%-- Principal point:
cc = [ 683.303987896774743 ; 452.222892169538227 ];

%-- Skew coefficient:
alpha_c = 0.000000000000000;

%-- Distortion coefficients:
kc = [ -0.337618356183800 ; -0.121225768254477 ; -0.002538887388686 ; 0.002364573953139 ; 0.000000000000000 ];

%-- Focal length uncertainty:
fc_error = [ 8.162304756821138 ; 7.626824751564524 ];

%-- Principal point uncertainty:
cc_error = [ 16.090781911356661 ; 12.769571795917642 ];

%-- Skew coefficient uncertainty:
alpha_c_error = 0.000000000000000;

%-- Distortion coefficients uncertainty:
kc_error = [ 0.031028178376024 ; 0.088348030170928 ; 0.001130706447444 ; 0.004054831393450 ; 0.000000000000000 ];

%-- Image size:
nx = 1296;
ny = 964;


%-- Various other variables (may be ignored if you do not use the Matlab Calibration Toolbox):
%-- Those variables are used to control which intrinsic parameters should be optimized

n_ima = 25;						% Number of calibration images
est_fc = [ 1 ; 1 ];					% Estimation indicator of the two focal variables
est_aspect_ratio = 1;				% Estimation indicator of the aspect ratio fc(2)/fc(1)
center_optim = 1;					% Estimation indicator of the principal point
est_alpha = 0;						% Estimation indicator of the skew coefficient
est_dist = [ 1 ; 1 ; 1 ; 1 ; 0 ];	% Estimation indicator of the distortion coefficients


%-- Extrinsic parameters:
%-- The rotation (omc_kk) and the translation (Tc_kk) vectors for every calibration image and their uncertainties

%-- Image #1:
omc_1 = [ -2.041380e+00 ; -1.711782e+00 ; -1.226112e+00 ];
Tc_1  = [ -2.283205e+02 ; -2.999456e+01 ; 5.804963e+02 ];
omc_error_1 = [ 6.388641e-03 ; 6.967375e-03 ; 1.270038e-02 ];
Tc_error_1  = [ 5.414529e+00 ; 4.419755e+00 ; 3.318082e+00 ];

%-- Image #2:
omc_2 = [ -2.050518e+00 ; -1.442170e+00 ; -1.454243e+00 ];
Tc_2  = [ -2.731508e+02 ; 7.023903e+01 ; 1.053645e+03 ];
omc_error_2 = [ 7.787905e-03 ; 7.683268e-03 ; 1.254379e-02 ];
Tc_error_2  = [ 9.774139e+00 ; 7.853141e+00 ; 5.742471e+00 ];

%-- Image #3:
omc_3 = [ -1.744977e+00 ; -1.707025e+00 ; -8.022257e-01 ];
Tc_3  = [ -4.148620e+02 ; -2.598501e+00 ; 1.187698e+03 ];
omc_error_3 = [ 6.997333e-03 ; 7.309796e-03 ; 1.220252e-02 ];
Tc_error_3  = [ 1.098742e+01 ; 8.989292e+00 ; 6.762153e+00 ];

%-- Image #4:
omc_4 = [ -1.611644e+00 ; -1.907743e+00 ; -1.606207e-01 ];
Tc_4  = [ -2.800374e+02 ; -1.710383e+02 ; 1.246430e+03 ];
omc_error_4 = [ 6.326210e-03 ; 7.568198e-03 ; 1.277864e-02 ];
Tc_error_4  = [ 1.155102e+01 ; 9.237161e+00 ; 6.168446e+00 ];

%-- Image #5:
omc_5 = [ -1.732251e+00 ; -2.027251e+00 ; -5.164033e-01 ];
Tc_5  = [ -2.560049e+02 ; -1.958553e+02 ; 1.277880e+03 ];
omc_error_5 = [ 6.737480e-03 ; 8.268989e-03 ; 1.518203e-02 ];
Tc_error_5  = [ 1.183854e+01 ; 9.475419e+00 ; 6.624018e+00 ];

%-- Image #6:
omc_6 = [ -2.175520e+00 ; -1.617059e+00 ; -1.446652e+00 ];
Tc_6  = [ -2.332762e+02 ; -2.274372e+01 ; 8.011902e+02 ];
omc_error_6 = [ 6.822378e-03 ; 7.617529e-03 ; 1.334983e-02 ];
Tc_error_6  = [ 7.471139e+00 ; 5.996495e+00 ; 4.270880e+00 ];

%-- Image #7:
omc_7 = [ -1.775235e+00 ; -1.790077e+00 ; -6.940170e-01 ];
Tc_7  = [ -2.768458e+02 ; -9.788773e+01 ; 8.524603e+02 ];
omc_error_7 = [ 6.237296e-03 ; 6.932143e-03 ; 1.230629e-02 ];
Tc_error_7  = [ 7.893311e+00 ; 6.407694e+00 ; 4.540571e+00 ];

%-- Image #8:
omc_8 = [ 1.860152e+00 ; 1.785169e+00 ; 2.677003e-01 ];
Tc_8  = [ -2.158950e+02 ; -1.273657e+02 ; 5.496241e+02 ];
omc_error_8 = [ 5.265838e-03 ; 6.534604e-03 ; 1.185085e-02 ];
Tc_error_8  = [ 5.188907e+00 ; 4.154634e+00 ; 2.949269e+00 ];

%-- Image #9:
omc_9 = [ 1.616981e+00 ; 1.654205e+00 ; 4.874523e-01 ];
Tc_9  = [ -1.847643e+02 ; -1.251810e+02 ; 4.946877e+02 ];
omc_error_9 = [ 5.706459e-03 ; 6.736968e-03 ; 1.010251e-02 ];
Tc_error_9  = [ 4.687405e+00 ; 3.734558e+00 ; 2.662527e+00 ];

%-- Image #10:
omc_10 = [ 1.532577e+00 ; 1.625283e+00 ; 6.059742e-01 ];
Tc_10  = [ -1.425494e+02 ; -1.218464e+02 ; 5.593324e+02 ];
omc_error_10 = [ 6.306201e-03 ; 7.034869e-03 ; 9.925169e-03 ];
Tc_error_10  = [ 5.225074e+00 ; 4.152475e+00 ; 2.824138e+00 ];

%-- Image #11:
omc_11 = [ 1.588598e+00 ; 1.638906e+00 ; 9.537555e-01 ];
Tc_11  = [ -1.148797e+02 ; -1.208125e+02 ; 4.686963e+02 ];
omc_error_11 = [ 7.192688e-03 ; 6.835679e-03 ; 9.974094e-03 ];
Tc_error_11  = [ 4.398921e+00 ; 3.487901e+00 ; 2.498202e+00 ];

%-- Image #12:
omc_12 = [ 1.773846e+00 ; 1.869252e+00 ; 1.327305e+00 ];
Tc_12  = [ -1.618824e+02 ; -8.423117e+01 ; 5.483111e+02 ];
omc_error_12 = [ 8.856491e-03 ; 5.662564e-03 ; 1.131918e-02 ];
Tc_error_12  = [ 5.154077e+00 ; 4.127641e+00 ; 3.007201e+00 ];

%-- Image #13:
omc_13 = [ -2.070702e+00 ; -1.728210e+00 ; -1.335330e+00 ];
Tc_13  = [ -2.501734e+02 ; -2.993885e+01 ; 7.408067e+02 ];
omc_error_13 = [ 6.607146e-03 ; 7.359960e-03 ; 1.308571e-02 ];
Tc_error_13  = [ 6.911422e+00 ; 5.588801e+00 ; 4.092119e+00 ];

%-- Image #14:
omc_14 = [ -1.724173e+00 ; -2.199455e+00 ; -5.521719e-01 ];
Tc_14  = [ -3.087024e+02 ; -1.613891e+02 ; 8.924205e+02 ];
omc_error_14 = [ 6.372109e-03 ; 7.572114e-03 ; 1.497784e-02 ];
Tc_error_14  = [ 8.282964e+00 ; 6.742973e+00 ; 5.067604e+00 ];

%-- Image #15:
omc_15 = [ -2.216764e+00 ; -1.921488e+00 ; -7.900067e-01 ];
Tc_15  = [ -2.520781e+02 ; -1.224875e+02 ; 9.467589e+02 ];
omc_error_15 = [ 7.697221e-03 ; 7.389000e-03 ; 1.601079e-02 ];
Tc_error_15  = [ 8.806855e+00 ; 7.082573e+00 ; 4.893768e+00 ];

%-- Image #16:
omc_16 = [ 2.061937e+00 ; 1.858929e+00 ; 7.487021e-01 ];
Tc_16  = [ -2.210308e+02 ; -8.627907e+01 ; 7.499192e+02 ];
omc_error_16 = [ 7.926083e-03 ; 6.079744e-03 ; 1.355162e-02 ];
Tc_error_16  = [ 7.026964e+00 ; 5.618665e+00 ; 3.939837e+00 ];

%-- Image #17:
omc_17 = [ -2.183048e+00 ; -2.009279e+00 ; 6.603802e-01 ];
Tc_17  = [ -2.430366e+02 ; -9.905988e+01 ; 6.825577e+02 ];
omc_error_17 = [ 8.393093e-03 ; 4.794531e-03 ; 1.379500e-02 ];
Tc_error_17  = [ 6.319585e+00 ; 5.164718e+00 ; 3.040427e+00 ];

%-- Image #18:
omc_18 = [ 1.726402e+00 ; 1.742369e+00 ; 3.781330e-01 ];
Tc_18  = [ -1.935602e+02 ; -1.245089e+02 ; 4.931448e+02 ];
omc_error_18 = [ 5.395638e-03 ; 6.540015e-03 ; 1.080738e-02 ];
Tc_error_18  = [ 4.673723e+00 ; 3.731221e+00 ; 2.659563e+00 ];

%-- Image #19:
omc_19 = [ 1.925853e+00 ; 1.890120e+00 ; 1.417385e-01 ];
Tc_19  = [ -2.387875e+02 ; -1.088082e+02 ; 6.090834e+02 ];
omc_error_19 = [ 5.255063e-03 ; 6.876241e-03 ; 1.322523e-02 ];
Tc_error_19  = [ 5.721556e+00 ; 4.610111e+00 ; 3.166133e+00 ];

%-- Image #20:
omc_20 = [ -2.016267e+00 ; -2.200781e+00 ; -5.503001e-01 ];
Tc_20  = [ -2.342217e+02 ; -1.058916e+02 ; 6.306290e+02 ];
omc_error_20 = [ 6.559120e-03 ; 7.180641e-03 ; 1.558857e-02 ];
Tc_error_20  = [ 5.851248e+00 ; 4.795924e+00 ; 3.590366e+00 ];

%-- Image #21:
omc_21 = [ -1.952780e+00 ; -2.230667e+00 ; -1.025810e+00 ];
Tc_21  = [ -2.159147e+02 ; -1.127313e+02 ; 6.251183e+02 ];
omc_error_21 = [ 5.331822e-03 ; 7.406523e-03 ; 1.410819e-02 ];
Tc_error_21  = [ 5.858512e+00 ; 4.758957e+00 ; 3.486281e+00 ];

%-- Image #22:
omc_22 = [ -1.735368e+00 ; -2.106477e+00 ; -5.079726e-01 ];
Tc_22  = [ -2.388372e+02 ; -1.852417e+02 ; 7.147122e+02 ];
omc_error_22 = [ 6.000029e-03 ; 7.035469e-03 ; 1.359897e-02 ];
Tc_error_22  = [ 6.672779e+00 ; 5.397588e+00 ; 3.995014e+00 ];

%-- Image #23:
omc_23 = [ -1.473960e+00 ; -1.893365e+00 ; -3.853678e-01 ];
Tc_23  = [ -2.992199e+02 ; -1.613223e+02 ; 8.552499e+02 ];
omc_error_23 = [ 6.032791e-03 ; 7.190999e-03 ; 1.127073e-02 ];
Tc_error_23  = [ 7.963208e+00 ; 6.442138e+00 ; 4.639620e+00 ];

%-- Image #24:
