% Intrinsic and Extrinsic Camera Parameters
%
% This script file can be directly excecuted under Matlab to recover the camera intrinsic and extrinsic parameters.
% IMPORTANT: This file contains neither the structure of the calibration objects nor the image coordinates of the calibration points.
%            All those complementary variables are saved in the complete matlab data file Calib_Results.mat.
% For more information regarding the calibration model visit http://www.vision.caltech.edu/bouguetj/calib_doc/


%-- Focal length:
fc = [ 1921.278629062212076 ; 1920.243755540799611 ];

%-- Principal point:
cc = [ 635.969949314486598 ; 423.573241343827192 ];

%-- Skew coefficient:
alpha_c = 0.000000000000000;

%-- Distortion coefficients:
kc = [ -0.297945418256638 ; -0.457231777920543 ; -0.001416471558387 ; 0.006103789186623 ; 0.000000000000000 ];

%-- Focal length uncertainty:
fc_error = [ 9.118413678273704 ; 8.854067338722114 ];

%-- Principal point uncertainty:
cc_error = [ 16.630117806155194 ; 13.821919750491617 ];

%-- Skew coefficient uncertainty:
alpha_c_error = 0.000000000000000;

%-- Distortion coefficients uncertainty:
kc_error = [ 0.038197793570865 ; 0.187840216669197 ; 0.001238075094635 ; 0.003256762305194 ; 0.000000000000000 ];

%-- Image size:
nx = 1296;
ny = 964;


%-- Various other variables (may be ignored if you do not use the Matlab Calibration Toolbox):
%-- Those variables are used to control which intrinsic parameters should be optimized

n_ima = 25;						% Number of calibration images
est_fc = [ 1 ; 1 ];					% Estimation indicator of the two focal variables
est_aspect_ratio = 1;				% Estimation indicator of the aspect ratio fc(2)/fc(1)
center_optim = 1;					% Estimation indicator of the principal point
est_alpha = 0;						% Estimation indicator of the skew coefficient
est_dist = [ 1 ; 1 ; 1 ; 1 ; 0 ];	% Estimation indicator of the distortion coefficients


%-- Extrinsic parameters:
%-- The rotation (omc_kk) and the translation (Tc_kk) vectors for every calibration image and their uncertainties

%-- Image #1:
omc_1 = [ -2.023038e+00 ; -2.113200e+00 ; -1.078982e+00 ];
Tc_1  = [ -1.643128e+02 ; -9.170928e+01 ; 5.393458e+02 ];
omc_error_1 = [ 4.689309e-03 ; 7.365244e-03 ; 1.306985e-02 ];
Tc_error_1  = [ 4.728765e+00 ; 4.005565e+00 ; 3.115863e+00 ];

%-- Image #2:
omc_2 = [ 2.088805e+00 ; 2.056317e+00 ; 1.021342e+00 ];
Tc_2  = [ -2.366497e+02 ; -1.388302e+02 ; 7.453345e+02 ];
omc_error_2 = [ 8.394928e-03 ; 5.719140e-03 ; 1.282217e-02 ];
Tc_error_2  = [ 6.601383e+00 ; 5.584036e+00 ; 4.311054e+00 ];

%-- Image #3:
omc_3 = [ -1.877189e+00 ; -2.049259e+00 ; -4.424612e-01 ];
Tc_3  = [ -2.245246e+02 ; -1.462684e+02 ; 7.232091e+02 ];
omc_error_3 = [ 6.321005e-03 ; 6.941156e-03 ; 1.346350e-02 ];
Tc_error_3  = [ 6.308234e+00 ; 5.342710e+00 ; 4.084917e+00 ];

%-- Image #4:
omc_4 = [ -1.672021e+00 ; -1.766447e+00 ; -9.497686e-01 ];
Tc_4  = [ -2.104152e+02 ; -9.068345e+01 ; 6.632503e+02 ];
omc_error_4 = [ 5.833468e-03 ; 7.139225e-03 ; 1.075505e-02 ];
Tc_error_4  = [ 5.777747e+00 ; 4.909426e+00 ; 3.794760e+00 ];

%-- Image #5:
omc_5 = [ -1.441949e+00 ; -1.790045e+00 ; -4.593866e-01 ];
Tc_5  = [ -2.303929e+02 ; -9.339987e+01 ; 7.132822e+02 ];
omc_error_5 = [ 5.817734e-03 ; 7.244770e-03 ; 9.918126e-03 ];
Tc_error_5  = [ 6.183630e+00 ; 5.262493e+00 ; 3.938329e+00 ];

%-- Image #6:
omc_6 = [ -1.910801e+00 ; -1.601244e+00 ; -1.542252e+00 ];
Tc_6  = [ -1.495584e+02 ; -1.507379e+01 ; 6.210401e+02 ];
omc_error_6 = [ 6.400079e-03 ; 7.916533e-03 ; 1.164375e-02 ];
Tc_error_6  = [ 5.392945e+00 ; 4.537030e+00 ; 3.551684e+00 ];

%-- Image #7:
omc_7 = [ 1.845778e+00 ; 1.887626e+00 ; 1.367886e+00 ];
Tc_7  = [ -1.273096e+02 ; -6.677014e+01 ; 5.469931e+02 ];
omc_error_7 = [ 9.091979e-03 ; 5.333889e-03 ; 1.117273e-02 ];
Tc_error_7  = [ 4.768212e+00 ; 4.006647e+00 ; 3.153574e+00 ];

%-- Image #8:
omc_8 = [ -2.052416e+00 ; -2.034084e+00 ; -8.554359e-01 ];
Tc_8  = [ -1.871844e+02 ; -9.166448e+01 ; 6.578500e+02 ];
omc_error_8 = [ 5.516036e-03 ; 7.198657e-03 ; 1.331730e-02 ];
Tc_error_8  = [ 5.740717e+00 ; 4.851975e+00 ; 3.663972e+00 ];

%-- Image #9:
omc_9 = [ -1.937667e+00 ; -2.060787e+00 ; -3.500756e-01 ];
Tc_9  = [ -2.258464e+02 ; -1.170545e+02 ; 7.414621e+02 ];
omc_error_9 = [ 6.493405e-03 ; 7.022191e-03 ; 1.412917e-02 ];
Tc_error_9  = [ 6.440014e+00 ; 5.460088e+00 ; 4.093695e+00 ];

%-- Image #10:
omc_10 = [ -2.058684e+00 ; -2.177390e+00 ; -5.559804e-01 ];
Tc_10  = [ -1.997985e+02 ; -1.066061e+02 ; 7.203681e+02 ];
omc_error_10 = [ 6.769023e-03 ; 7.731610e-03 ; 1.517772e-02 ];
Tc_error_10  = [ 6.279787e+00 ; 5.309850e+00 ; 3.995594e+00 ];

%-- Image #11:
omc_11 = [ -1.718959e+00 ; -1.934946e+00 ; -2.851885e-01 ];
Tc_11  = [ -2.421235e+02 ; -1.156094e+02 ; 7.272336e+02 ];
omc_error_11 = [ 5.999993e-03 ; 6.771883e-03 ; 1.176394e-02 ];
Tc_error_11  = [ 6.313948e+00 ; 5.371578e+00 ; 4.029643e+00 ];

%-- Image #12:
omc_12 = [ 2.093247e+00 ; 1.895817e+00 ; 2.803314e-02 ];
Tc_12  = [ -2.346881e+02 ; -8.787177e+01 ; 7.107414e+02 ];
omc_error_12 = [ 6.402451e-03 ; 7.533100e-03 ; 1.561910e-02 ];
Tc_error_12  = [ 6.182240e+00 ; 5.237254e+00 ; 3.835049e+00 ];

%-- Image #13:
omc_13 = [ -2.155760e+00 ; -1.935179e+00 ; 6.259444e-01 ];
Tc_13  = [ -2.102588e+02 ; -8.100261e+01 ; 6.807610e+02 ];
omc_error_13 = [ 7.804598e-03 ; 4.752892e-03 ; 1.311119e-02 ];
Tc_error_13  = [ 5.893853e+00 ; 5.016868e+00 ; 3.177588e+00 ];

%-- Image #14:
omc_14 = [ 1.627304e+00 ; 1.651044e+00 ; 4.802992e-01 ];
Tc_14  = [ -1.548595e+02 ; -1.137546e+02 ; 4.874882e+02 ];
omc_error_14 = [ 5.831074e-03 ; 6.479048e-03 ; 9.840790e-03 ];
Tc_error_14  = [ 4.277103e+00 ; 3.584074e+00 ; 2.736511e+00 ];

%-- Image #15:
omc_15 = [ 1.816164e+00 ; 1.749336e+00 ; 1.239357e+00 ];
Tc_15  = [ -1.402571e+02 ; -8.773160e+01 ; 5.465287e+02 ];
omc_error_15 = [ 8.338229e-03 ; 5.666201e-03 ; 1.061868e-02 ];
Tc_error_15  = [ 4.792757e+00 ; 4.020551e+00 ; 3.172327e+00 ];

%-- Image #16:
omc_16 = [ 2.290672e+00 ; 1.782065e+00 ; -6.409386e-02 ];
Tc_16  = [ -2.436508e+02 ; -8.362117e+01 ; 7.655421e+02 ];
omc_error_16 = [ 7.259005e-03 ; 7.557299e-03 ; 1.668693e-02 ];
Tc_error_16  = [ 6.642562e+00 ; 5.627027e+00 ; 4.067248e+00 ];

%-- Image #17:
omc_17 = [ -1.990971e+00 ; -2.058002e+00 ; -2.853912e-01 ];
Tc_17  = [ -2.064872e+02 ; -1.232239e+02 ; 1.083361e+03 ];
omc_error_17 = [ 8.125114e-03 ; 8.696920e-03 ; 1.748060e-02 ];
Tc_error_17  = [ 9.399849e+00 ; 7.871081e+00 ; 5.673597e+00 ];

%-- Image #18:
omc_18 = [ -1.832757e+00 ; -1.881642e+00 ; 1.416836e-01 ];
Tc_18  = [ -2.209099e+02 ; -5.816451e+01 ; 1.013246e+03 ];
omc_error_18 = [ 6.570634e-03 ; 6.882751e-03 ; 1.224097e-02 ];
Tc_error_18  = [ 8.750119e+00 ; 7.379879e+00 ; 4.886416e+00 ];

%-- Image #19:
omc_19 = [ -1.601286e+00 ; -1.837794e+00 ; 1.637292e-01 ];
Tc_19  = [ -2.343182e+02 ; -1.213316e+02 ; 7.468942e+02 ];
omc_error_19 = [ 6.377455e-03 ; 6.682068e-03 ; 1.057768e-02 ];
Tc_error_19  = [ 6.492474e+00 ; 5.496594e+00 ; 3.830659e+00 ];

%-- Image #20:
omc_20 = [ -1.521276e+00 ; -1.632154e+00 ; -7.421747e-03 ];
Tc_20  = [ -2.469268e+02 ; -9.324971e+01 ; 7.485745e+02 ];
omc_error_20 = [ 6.336532e-03 ; 6.929544e-03 ; 9.504833e-03 ];
Tc_error_20  = [ 6.493747e+00 ; 5.524736e+00 ; 3.903347e+00 ];

%-- Image #21:
omc_21 = [ 2.040011e+00 ; 2.003343e+00 ; -7.779119e-02 ];
Tc_21  = [ -2.273856e+02 ; -8.792209e+01 ; 7.746008e+02 ];
omc_error_21 = [ 6.551654e-03 ; 8.281923e-03 ; 1.641951e-02 ];
Tc_error_21  = [ 6.715135e+00 ; 5.680680e+00 ; 3.989846e+00 ];

%-- Image #22:
omc_22 = [ 1.816490e+00 ; 2.225944e+00 ; 3.113904e-03 ];
Tc_22  = [ -2.042890e+02 ; -1.624678e+02 ; 7.701997e+02 ];
omc_error_22 = [ 5.588511e-03 ; 9.040205e-03 ; 1.673478e-02 ];
Tc_error_22  = [ 6.712157e+00 ; 5.631641e+00 ; 4.066278e+00 ];

%-- Image #23:
omc_23 = [ -1.664382e+00 ; -2.140268e+00 ; -1.277681e+00 ];
Tc_23  = [ -1.667272e+02 ; -1.003702e+02 ; 6.427972e+02 ];
omc_error_23 = [ 5.018791e-03 ; 7.996497e-03 ; 1.208531e-02 ];
Tc_error_23  = [ 5.623303e+00 ; 4.745126e+00 ; 3.709733e+00 ];

%-- Image #24:
